        8
      12
      25
      36
      60
      67
      72
      74
      89
      90
      92
     112
     118
     141
     151
     153
     155
     164
     165
     169
     172
     178
     180
     180
     246
     246
     247
     250
     281
     289
     291
     295
     299
     301
     321
     332
     332
     335
     339
     342
     358
     382
     388
     412
     416
     418
     426
     435
     436
     444
     444
     447
     455
     481
     482
     484
     488
     501
     505
     510
     515
     531
     531
     548
     562
     574
     574
     588
     592
     592
     604
     604
     612
     616
     636
     640
     643
     649
     652
     660
     667
     669
     679
     682
     696
     708
     733
     743
     762
     762
     763
     763
     773
     774
     794
     797
     798
     801
     802
     806
     807
     811
     816
     818
     818
     821
     826
     835
     845
     855
     858
     862
     880
     894
     896
     913
     925
     926
     933
     937
     955
     960
     962
     965
     975
     987
     987
    1000
    1005
    1018
    1021
    1032
    1041
    1061
    1064
    1066
    1069
    1075
    1086
    1089
    1091
    1099
    1125
    1133
    1151
    1177
    1187
    1205
    1205
    1207
    1218
    1221
    1224
    1236
    1241
    1241
    1248
    1253
    1268
    1277
    1283
    1289
    1291
    1293
    1301
    1303
    1307
    1308
    1332
    1337
    1345
    1348
    1373
    1376
    1387
    1403
    1405
    1419
    1428
    1435
    1438
    1438
    1441
    1450
    1469
    1471
    1476
    1510
    1511
    1516
    1528
    1531
    1543
    1552
    1556
    1560
    1565
    1565
    1575
    1577
    1588
    1591
    1608
    1613
    1628
    1633
    1634
    1645
    1646
    1656
    1660
    1663
    1667
    1673
    1679
    1690
    1721
    1726
    1727
    1728
    1731
    1735
    1739
    1747
    1770
    1774
    1786
    1790
    1794
    1795
    1798
    1813
    1821
    1830
    1834
    1841
    1842
    1863
    1863
    1885
    1897
    1897
    1907
    1908
    1909
    1941
    1943
    1958
    1967
    1976
    1981
    1994
    1996
    1996
    2007
    2022
    2039
    2062
    2063
    2066
    2075
    2078
    2079
    2085
    2095
    2100
    2100
    2103
    2106
    2106
    2135
    2158
    2182
    2183
    2187
    2212
    2218
    2233
    2237
    2239
    2261
    2274
    2275
    2289
    2291
    2314
    2327
    2336
    2336
    2340
    2342
    2350
    2362
    2375
    2417
    2435
    2494
    2506
    2508
    2512
    2529
    2532
    2533
    2567
    2577
    2580
    2585
    2599
    2605
    2606
    2608
    2613
    2641
    2655
    2658
    2658
    2659
    2680
    2698
    2722
    2727
    2739
    2776
    2778
    2783
    2784
    2788
    2793
    2807
    2809
    2824
    2824
    2829
    2831
    2840
    2857
    2860
    2862
    2892
    2898
    2917
    2920
    2922
    2925
    2937
    2944
    2958
    2961
    2963
    2982
    2984
    2988
    3001
    3015
    3021
    3022
    3025
    3029
    3032
    3094
    3109
    3116
    3123
    3124
    3145
    3148
    3160
    3172
    3175
    3179
    3180
    3181
    3202
    3204
    3223
    3252
    3260
    3264
    3297
    3301
    3319
    3322
    3334
    3338
    3347
    3358
    3361
    3368
    3382
    3397
    3406
    3412
    3420
    3423
    3427
    3437
    3440
    3461
    3486
    3508
    3537
    3551
    3551
    3566
    3575
    3581
    3602
    3617
    3630
    3642
    3643
    3646
    3661
    3700
    3702
    3709
    3726
    3753
    3755
    3761
    3770
    3779
    3780
    3791
    3810
    3822
    3852
    3864
    3874
    3910
    3922
    3927
    3931
    3938
    3952
    3955
    3968
    3980
    3983
    3983
    3984
    3989
    4006
    4015
    4029
    4032
    4034
    4063
    4068
    4069
    4072
    4081
    4082
    4087
    4093
    4109
    4114
    4115
    4122
    4140
    4140
    4149
    4150
    4156
    4158
    4160
    4165
    4168
    4178
    4179
    4197
    4203
    4221
    4228
    4290
    4292
    4310
    4312
    4333
    4334
    4341
    4364
    4368
    4383
    4392
    4395
    4400
    4405
    4415
    4432
    4446
    4453
    4458
    4474
    4530
    4551
    4562
    4564
    4594
    4627
    4627
    4637
    4653
    4656
    4665
    4697
    4703
    4714
    4725
    4742
    4744
    4748
    4756
    4778
    4783
    4812
    4821
    4839
    4846
    4868
    4876
    4878
    4883
    4904
    4905
    4907
    4918
    4943
    4951
    4961
    4964
    4979
    4995
    5007
    5015
    5016
    5026
    5029
    5045
    5046
    5062
    5103
    5111
    5121
    5124
    5133
    5133
    5134
    5142
    5153
    5165
    5176
    5187
    5188
    5190
    5191
    5206
    5225
    5236
    5256
    5279
    5279
    5285
    5285
    5286
    5325
    5354
    5358
    5360
    5363
    5383
    5384
    5386
    5392
    5420
    5427
    5439
    5443
    5458
    5478
    5487
    5511
    5511
    5512
    5520
    5522
    5533
    5538
    5540
    5550
    5603
    5627
    5640
    5672
    5674
    5712
    5742
    5750
    5758
    5777
    5786
    5792
    5801
    5814
    5821
    5823
    5823
    5829
    5841
    5847
    5849
    5854
    5874
    5879
    5896
    5914
    5952
    5975
    5989
    6007
    6030
    6030
    6039
    6049
    6050
    6082
    6105
    6107
    6113
    6122
    6123
    6129
    6131
    6134
    6146
    6147
    6165
    6167
    6202
    6203
    6209
    6218
    6230
    6231
    6252
    6278
    6284
    6290
    6295
    6302
    6303
    6309
    6330
    6351
    6361
    6364
    6370
    6381
    6382
    6391
    6397
    6403
    6408
    6420
    6448
    6448
    6523
    6560
    6571
    6613
    6618
    6651
    6663
    6673
    6723
    6734
    6748
    6749
    6751
    6764
    6770
    6783
    6785
    6811
    6833
    6838
    6846
    6851
    6854
    6867
    6872
    6876
    6885
    6895
    6919
    6921
    6927
    6934
    6943
    6970
    6980
    6985
    7001
    7058
    7060
    7125
    7136
    7138
    7171
    7180
    7195
    7200
    7203
    7230
    7237
    7259
    7302
    7306
    7308
    7315
    7318
    7335
    7341
    7351
    7367
    7391
    7399
    7405
    7424
    7480
    7497
    7504
    7505
    7511
    7520
    7524
    7531
    7557
    7576
    7589
    7629
    7662
    7687
    7696
    7702
    7758
    7789
    7793
    7808
    7823
    7834
    7843
    7872
    7874
    7891
    7896
    7898
    7933
    7942
    7943
    7945
    7948
    7948
    7970
    7978
    7981
    7988
    7989
    7991
    7995
    7996
    8003
    8004
    8025
    8080
    8081
    8097
    8136
    8154
    8157
    8158
    8184
    8187
    8192
    8193
    8198
    8198
    8219
    8224
    8260
    8264
    8273
    8278
    8282
    8287
    8290
    8312
    8332
    8337
    8341
    8341
    8342
    8348
    8350
    8353
    8358
    8391
    8396
    8421
    8428
    8435
    8435
    8438
    8443
    8455
    8458
    8475
    8475
    8477
    8527
    8543
    8553
    8596
    8613
    8619
    8621
    8627
    8633
    8635
    8654
    8657
    8660
    8708
    8713
    8763
    8765
    8786
    8800
    8813
    8824
    8825
    8846
    8848
    8862
    8869
    8878
    8884
    8913
    8915
    8923
    8964
    8977
    8989
    9007
    9008
    9022
    9027
    9083
    9128
    9130
    9130
    9133
    9137
    9151
    9168
    9219
    9226
    9275
    9277
    9278
    9302
    9317
    9348
    9362
    9380
    9384
    9388
    9404
    9404
    9412
    9422
    9428
    9442
    9468
    9470
    9494
    9504
    9519
    9538
    9553
    9562
    9575
    9590
    9618
    9638
    9658
    9665
    9688
    9697
    9707
    9708
    9742
    9753
    9818
    9824
    9861
    9873
    9901
    9944
    9960
    9967
    9976
 1.001e+004
 1.004e+004
 1.005e+004
 1.006e+004
 1.009e+004
 1.01e+004
 1.01e+004
 1.015e+004
 1.017e+004
 1.017e+004
 1.02e+004
 1.026e+004
 1.027e+004
 1.028e+004
 1.032e+004
 1.035e+004
 1.037e+004
 1.041e+004
 1.042e+004
 1.042e+004
 1.044e+004
 1.048e+004
 1.051e+004
 1.052e+004
 1.065e+004
 1.066e+004
 1.066e+004
 1.07e+004
 1.071e+004
 1.074e+004
 1.075e+004
 1.076e+004
 1.077e+004
 1.078e+004
 1.078e+004
 1.079e+004
 1.08e+004
 1.082e+004
 1.083e+004
 1.085e+004
 1.086e+004
 1.087e+004
 1.088e+004
 1.095e+004
 1.096e+004
 1.097e+004
 1.099e+004
 1.101e+004
 1.102e+004
 1.104e+004
 1.108e+004
 1.113e+004
 1.113e+004
 1.125e+004
 1.126e+004
 1.126e+004
 1.128e+004
 1.128e+004
 1.131e+004
 1.132e+004
 1.134e+004
 1.134e+004
 1.137e+004
 1.137e+004
 1.143e+004
 1.149e+004
 1.15e+004
 1.151e+004
 1.151e+004
 1.153e+004
 1.155e+004
 1.158e+004
 1.158e+004
 1.16e+004
 1.162e+004
 1.162e+004
 1.163e+004
 1.164e+004
 1.164e+004
 1.167e+004
 1.17e+004
 1.172e+004
 1.172e+004
 1.173e+004
 1.175e+004
 1.175e+004
 1.177e+004
 1.178e+004
 1.18e+004
 1.183e+004
 1.184e+004
 1.184e+004
 1.184e+004
 1.188e+004
 1.192e+004
 1.196e+004
 1.198e+004
 1.199e+004
 1.202e+004
 1.206e+004
 1.209e+004
 1.209e+004
 1.211e+004
 1.214e+004
 1.216e+004
 1.217e+004
 1.219e+004
 1.221e+004
 1.228e+004
 1.229e+004
 1.238e+004
 1.239e+004
 1.24e+004
 1.241e+004
 1.246e+004
 1.247e+004
 1.247e+004
 1.25e+004
 1.254e+004
 1.255e+004
 1.256e+004
 1.258e+004
 1.261e+004
 1.266e+004
 1.266e+004
 1.267e+004
 1.269e+004
 1.273e+004
 1.274e+004
 1.279e+004
 1.28e+004
 1.28e+004
 1.281e+004
 1.284e+004
 1.287e+004
 1.288e+004
 1.29e+004
 1.291e+004
 1.299e+004
 1.3e+004
 1.3e+004
 1.3e+004
 1.302e+004
 1.304e+004
 1.304e+004
 1.306e+004
 1.309e+004
 1.31e+004
 1.31e+004
 1.312e+004
 1.312e+004
 1.314e+004
 1.32e+004
 1.321e+004
 1.322e+004
 1.322e+004
 1.323e+004
 1.326e+004
 1.327e+004
 1.329e+004
 1.333e+004
 1.338e+004
 1.338e+004
 1.339e+004
 1.344e+004
 1.344e+004
 1.345e+004
 1.345e+004
 1.346e+004
 1.346e+004
 1.349e+004
 1.349e+004
 1.362e+004
 1.363e+004
 1.364e+004
 1.366e+004
 1.37e+004
 1.375e+004
 1.375e+004
 1.375e+004
 1.376e+004
 1.376e+004
 1.376e+004
 1.377e+004
 1.378e+004
 1.386e+004
 1.387e+004
 1.393e+004
 1.403e+004
 1.404e+004
 1.408e+004
 1.408e+004
 1.412e+004
 1.413e+004
 1.416e+004
 1.417e+004
 1.419e+004
 1.425e+004
 1.427e+004
 1.428e+004
 1.434e+004
 1.436e+004
 1.44e+004
 1.442e+004
 1.447e+004
 1.448e+004
 1.452e+004
 1.453e+004
 1.454e+004
 1.458e+004
 1.461e+004
 1.462e+004
 1.465e+004
 1.468e+004
 1.468e+004
 1.473e+004
 1.477e+004
 1.481e+004
 1.481e+004
 1.482e+004
 1.487e+004
 1.487e+004
 1.491e+004
 1.492e+004
 1.492e+004
 1.493e+004
 1.496e+004
 1.498e+004
 1.499e+004
 1.502e+004
 1.504e+004
 1.504e+004
 1.506e+004
 1.508e+004
 1.508e+004
 1.512e+004
 1.512e+004
 1.515e+004
 1.517e+004
 1.518e+004
 1.519e+004
 1.521e+004
 1.528e+004
 1.531e+004
 1.532e+004
 1.532e+004
 1.536e+004
 1.536e+004
 1.538e+004
 1.546e+004
 1.55e+004
 1.553e+004
 1.57e+004
 1.573e+004
 1.574e+004
 1.574e+004
 1.574e+004
 1.574e+004
 1.582e+004
 1.583e+004
 1.584e+004
 1.587e+004
 1.588e+004
 1.59e+004
 1.59e+004
 1.591e+004
 1.596e+004
 1.596e+004
 1.599e+004
 1.599e+004
 1.599e+004
 1.603e+004
 1.605e+004
 1.609e+004
 1.61e+004
 1.611e+004
 1.621e+004
 1.622e+004
 1.625e+004
 1.629e+004
 1.63e+004
 1.63e+004
 1.635e+004
 1.638e+004
 1.639e+004
 1.642e+004
 1.645e+004
 1.651e+004
 1.653e+004
 1.656e+004
 1.657e+004
 1.658e+004
 1.659e+004
 1.661e+004
 1.668e+004
 1.67e+004
 1.671e+004
 1.673e+004
 1.674e+004
 1.676e+004
 1.676e+004
 1.677e+004
 1.688e+004
 1.694e+004
 1.697e+004
 1.699e+004
 1.702e+004
 1.707e+004
 1.714e+004
 1.721e+004
 1.723e+004
 1.73e+004
 1.733e+004
 1.738e+004
 1.739e+004
 1.739e+004
 1.74e+004
 1.747e+004
 1.748e+004
 1.75e+004
 1.75e+004
 1.752e+004
 1.753e+004
 1.756e+004
 1.757e+004
 1.757e+004
 1.761e+004
 1.764e+004
 1.765e+004
 1.766e+004
 1.767e+004
 1.776e+004
 1.776e+004
 1.778e+004
 1.78e+004
 1.782e+004
 1.784e+004
 1.784e+004
 1.786e+004
 1.787e+004
 1.788e+004
 1.791e+004
 1.794e+004
 1.796e+004
 1.8e+004
 1.807e+004
 1.81e+004
 1.813e+004
 1.822e+004
 1.822e+004
 1.827e+004
 1.828e+004
 1.828e+004
 1.831e+004
 1.832e+004
 1.832e+004
 1.834e+004
 1.835e+004
 1.836e+004
 1.838e+004
 1.839e+004
 1.845e+004
 1.845e+004
 1.848e+004
 1.849e+004
 1.849e+004
 1.853e+004
 1.858e+004
 1.858e+004
 1.865e+004
 1.865e+004
 1.867e+004
 1.868e+004
 1.868e+004
 1.869e+004
 1.873e+004
 1.875e+004
 1.877e+004
 1.882e+004
 1.886e+004
 1.886e+004
 1.889e+004
 1.889e+004
 1.89e+004
 1.891e+004
 1.898e+004
 1.899e+004
 1.901e+004
 1.904e+004
 1.907e+004
 1.911e+004
 1.917e+004
 1.919e+004
 1.923e+004
 1.923e+004
 1.924e+004
 1.925e+004
 1.927e+004
 1.927e+004
 1.939e+004
 1.94e+004
 1.941e+004
 1.944e+004
 1.947e+004
 1.947e+004
 1.951e+004
 1.959e+004
 1.962e+004
 1.97e+004
 1.973e+004
 1.974e+004
 1.975e+004
 1.977e+004
 1.978e+004
 1.978e+004
 1.979e+004
 1.982e+004
 1.984e+004
 1.984e+004
 1.986e+004
 1.988e+004
 1.99e+004
 1.994e+004
 1.994e+004
 2.002e+004
 2.006e+004
 2.012e+004
 2.013e+004
 2.021e+004
 2.03e+004
 2.03e+004
 2.033e+004
 2.035e+004
 2.037e+004
 2.038e+004
 2.039e+004
 2.041e+004
 2.053e+004
 2.054e+004
 2.055e+004
 2.057e+004
 2.062e+004
 2.066e+004
 2.07e+004
 2.079e+004
 2.082e+004
 2.083e+004
 2.092e+004
 2.094e+004
 2.098e+004
 2.099e+004
 2.103e+004
 2.105e+004
 2.105e+004
 2.106e+004
 2.114e+004
 2.114e+004
 2.116e+004
 2.117e+004
 2.121e+004
 2.123e+004
 2.133e+004
 2.14e+004
 2.141e+004
 2.144e+004
 2.147e+004
 2.149e+004
 2.156e+004
 2.157e+004
 2.157e+004
 2.163e+004
 2.165e+004
 2.166e+004
 2.171e+004
 2.173e+004
 2.174e+004
 2.175e+004
 2.18e+004
 2.183e+004
 2.187e+004
 2.19e+004
 2.19e+004
 2.191e+004
 2.193e+004
 2.197e+004
 2.2e+004
 2.202e+004
 2.205e+004
 2.206e+004
 2.207e+004
 2.208e+004
 2.213e+004
 2.218e+004
 2.227e+004
 2.24e+004
 2.245e+004
 2.251e+004
 2.264e+004
 2.264e+004
 2.269e+004
 2.272e+004
 2.284e+004
 2.29e+004
 2.3e+004
 2.304e+004
 2.304e+004
 2.31e+004
 2.313e+004
 2.325e+004
 2.328e+004
 2.331e+004
 2.334e+004
 2.335e+004
 2.346e+004
 2.346e+004
 2.351e+004
 2.356e+004
 2.36e+004
 2.361e+004
 2.366e+004
 2.372e+004
 2.376e+004
 2.377e+004
 2.401e+004
 2.402e+004
 2.418e+004
 2.423e+004
 2.425e+004
 2.454e+004
 2.457e+004
 2.459e+004
 2.466e+004
 2.477e+004
 2.48e+004
 2.483e+004
 2.487e+004
 2.489e+004
 2.498e+004
 2.498e+004
 2.505e+004
 2.508e+004
 2.527e+004
 2.527e+004
 2.528e+004
 2.528e+004
 2.53e+004
 2.544e+004
 2.551e+004
 2.553e+004
 2.553e+004
 2.556e+004
 2.569e+004
 2.573e+004
 2.573e+004
 2.576e+004
 2.577e+004
 2.579e+004
 2.591e+004
 2.594e+004
 2.595e+004
 2.599e+004
 2.599e+004
 2.6e+004
 2.601e+004
 2.601e+004
 2.61e+004
 2.62e+004
 2.626e+004
 2.63e+004
 2.657e+004
 2.662e+004
 2.667e+004
 2.67e+004
 2.672e+004
 2.69e+004
 2.691e+004
 2.691e+004
 2.694e+004
 2.695e+004
 2.698e+004
 2.706e+004
 2.712e+004
 2.717e+004
 2.722e+004
 2.734e+004
 2.743e+004
 2.745e+004
 2.758e+004
 2.784e+004
 2.794e+004
 2.8e+004
 2.804e+004
 2.81e+004
 2.81e+004
 2.822e+004
 2.825e+004
 2.831e+004
 2.833e+004
 2.833e+004
 2.841e+004
 2.845e+004
 2.863e+004
 2.869e+004
 2.87e+004
 2.892e+004
 2.898e+004
 2.903e+004
 2.906e+004
 2.908e+004
 2.91e+004
 2.911e+004
 2.916e+004
 2.917e+004
 2.927e+004
 2.93e+004
 2.93e+004
 2.948e+004
 2.957e+004
 2.961e+004
 2.963e+004
 2.964e+004
 2.979e+004
 2.981e+004
 2.981e+004
 2.981e+004
 2.987e+004
 2.99e+004
 2.993e+004
 2.997e+004
 2.998e+004
 3.013e+004
 3.018e+004
 3.028e+004
 3.028e+004
 3.028e+004
 3.031e+004
 3.033e+004
 3.039e+004
 3.039e+004
 3.045e+004
 3.073e+004
 3.075e+004
 3.091e+004
 3.118e+004
 3.128e+004
 3.128e+004
 3.128e+004
 3.13e+004
 3.131e+004
 3.132e+004
 3.136e+004
 3.136e+004
 3.155e+004
 3.155e+004
 3.17e+004
 3.187e+004
 3.192e+004
 3.203e+004
 3.203e+004
 3.206e+004
 3.211e+004
 3.243e+004
 3.245e+004
 3.257e+004
 3.268e+004
 3.269e+004
 3.296e+004
 3.296e+004
 3.297e+004
 3.322e+004
 3.336e+004
 3.347e+004
 3.349e+004
 3.35e+004
 3.373e+004
 3.38e+004
 3.381e+004
 3.392e+004
 3.394e+004
 3.399e+004
 3.405e+004
 3.409e+004
 3.41e+004
 3.418e+004
 3.425e+004
 3.432e+004
 3.446e+004
 3.455e+004
 3.462e+004
 3.472e+004
 3.475e+004
 3.48e+004
 3.51e+004
 3.513e+004
 3.514e+004
 3.515e+004
 3.519e+004
 3.522e+004
 3.525e+004
 3.537e+004
 3.537e+004
 3.538e+004
 3.54e+004
 3.548e+004
 3.55e+004
 3.551e+004
 3.558e+004
 3.56e+004
 3.568e+004
 3.571e+004
 3.571e+004
 3.576e+004
 3.576e+004
 3.58e+004
 3.582e+004
 3.598e+004
 3.61e+004
 3.613e+004
 3.625e+004
 3.658e+004
 3.663e+004
 3.682e+004
 3.696e+004
 3.708e+004
 3.727e+004
 3.732e+004
 3.751e+004
 3.824e+004
 3.826e+004
 3.837e+004
 3.849e+004
 3.859e+004
 3.884e+004
 3.887e+004
 3.903e+004
 3.912e+004
 3.915e+004
 3.922e+004
 3.927e+004
 3.943e+004
 3.98e+004
 3.981e+004
 3.992e+004
 4.004e+004
 4.015e+004
 4.015e+004
 4.031e+004
 4.031e+004
 4.043e+004
 4.101e+004
 4.111e+004
 4.117e+004
 4.123e+004
 4.125e+004
 4.126e+004
 4.143e+004
 4.145e+004
 4.159e+004
 4.176e+004
 4.202e+004
 4.215e+004
 4.228e+004
 4.261e+004
 4.289e+004
 4.321e+004
 4.366e+004
 4.377e+004
 4.391e+004
 4.402e+004
 4.435e+004
 4.452e+004
 4.454e+004
 4.455e+004
 4.54e+004
 4.541e+004
 4.541e+004
 4.564e+004
 4.583e+004
 4.585e+004
 4.596e+004
 4.599e+004
 4.651e+004
 4.653e+004
 4.653e+004
 4.665e+004
 4.687e+004
 4.698e+004
 4.716e+004
 4.725e+004
 4.741e+004
 4.742e+004
 4.793e+004
 4.798e+004
 4.824e+004
 4.866e+004
 4.878e+004
 4.901e+004
 4.941e+004
 4.975e+004
 4.987e+004
 4.994e+004
 5.012e+004
 5.017e+004
 5.045e+004
 5.056e+004
 5.062e+004
 5.082e+004
 5.107e+004
 5.134e+004
 5.139e+004
 5.148e+004
 5.161e+004
 5.212e+004
 5.29e+004
 5.292e+004
 5.311e+004
 5.352e+004
 5.367e+004
 5.394e+004
 5.48e+004
 5.668e+004
 5.694e+004
 5.914e+004
 5.916e+004
 5.956e+004
 5.996e+004
 6.065e+004
 6.079e+004
 6.111e+004
 6.329e+004
 6.34e+004
 6.344e+004
 6.676e+004
 6.707e+004
 6.808e+004
 6.811e+004
 6.951e+004
 7.353e+004
 7.459e+004
 7.555e+004
 7.61e+004
 9.229e+004
 9.408e+004
 1.007e+005
